#res	mutant	ku	mu	kf	mf	mD-N	DDG_TS	DDG_Eq	Phi	DDG_TS-N
1	T1S	0.21	0.12	12.97	0.59	0.71	0.09	0.34	0.28	0.24
2	Y2A	0.69	0.07	8.59	1.02	1.09	0.34	1.30	0.26	0.96
3	V3A	0.33	0.08	4.55	0.75	0.83	0.72	1.24	0.58	0.51
5	A5G	0.36	0.12	1.66	0.46	0.58	1.33	1.89	0.70	0.57
6	L6A	0.67	0.13	7.85	0.68	0.81	0.40	1.34	0.30	0.94
7	F7A	0.21	0.11	6.41	0.66	0.77	0.52	0.76	0.68	0.24
19	F19A	1.23	0.10	2.60	0.57	0.67	1.06	2.36	0.45	1.30
24	F24A	0.70	0.12	3.74	0.69	0.81	0.84	1.81	0.47	0.97
25	I25V	0.64	0.08	6.08	0.70	0.78	0.55	1.46	0.38	0.91
31	S31A	0.42	0.08	10.81	0.65	0.73	0.20	0.86	0.24	0.66
41	H41A	0.56	0.07	12.90	0.66	0.73	0.10	0.93	0.11	0.83
44	T44S	0.53	0.05	13.82	0.69	0.74	0.06	0.86	0.07	0.80
51	Y51A	0.43	0.14	10.86	0.57	0.71	0.20	0.87	0.23	0.67
53	T53S	0.23	0.12	10.70	0.53	0.65	0.21	0.51	0.41	0.30
54	A54G	0.62	0.04	16.21	0.78	0.82	-0.04	0.85	0.00	0.89
55	V55A	0.45	0.10	15.23	0.73	0.83	0.00	0.70	0.00	0.70
